0.0
0.0
2.0
2.0
2.0
18.899519
16.27162
16.994528
15.931487
20.510214
31.967054
44.288136
44.288136
41.49048
44.284687
26.88588
20.239862
19.668015
44.25307
33.876297
44.283096
44.28734
43.16544
36.88395
36.16827
26.729195
21.652117
32.557552
20.06921
31.174171
16.430271
17.019049
18.720217
17.547426
17.182766
16.258266
18.034615
15.57026
13.60671
14.550825
16.143932
15.541284
13.47884
14.320066
18.506243
18.730276
15.446434
18.740322
16.795843
19.075193
18.953575
18.790384
17.284286
18.412899
17.6391
17.570436
19.873133
17.319836
19.12337
19.08485
17.718527
16.932926
19.142565
18.270979
19.08485
15.261069
16.197926
15.283523
16.311556
16.27162
18.531992
18.233803
20.816002
18.286863
16.908163
17.690243
19.378994
16.304913
17.104324
18.012804
14.932684
17.930525
18.889654
15.2535715
14.775611
18.588379
22.024628
18.914293
19.176054
21.389662
20.676514
15.763368
22.747082
16.592506
17.35524
14.655914
16.5603
15.178238
15.706596
19.903927
23.272171
16.298264
18.36585
22.486824
21.02691
21.31906
18.329079
24.835909
19.304033
19.613699
21.292902
22.31221
18.780396
21.084599
21.871935
24.506186
19.636372
22.174683
23.682467
23.393488
27.452717
27.79041
23.662548
22.622746
18.978035
19.378994
21.274172
22.731241
19.199896
20.137875
22.891483
22.721722
20.256744
19.195133
18.334341
23.923523
20.704592
20.583616
22.255451
20.80809
16.802122
17.5359
19.686045
17.684576
16.82719
16.075968
22.130617
24.354942
21.99016
20.047642
22.564754
22.677162
21.889423
25.769457
24.983967
24.060658
28.924528
24.312752
25.688614
23.408169
19.388317
18.344858
21.608921
16.20465
19.83338
19.973904
20.764452
20.45269
16.527975
38.948185
37.299118
30.35711
26.139217
19.690546
21.662882
18.233803
21.300385
17.902924
20.493816
21.702242
20.423786
19.453312
24.743332
26.71317
27.908276
28.487831
28.577269
25.443796
26.773113
25.218115
25.32228
24.850828
24.04704
24.986414
21.119028
23.301918
21.74853
24.60131
21.691525
16.157463
21.913845
22.734411
22.616322
28.478018
25.645643
22.361986
21.06157
17.325747
16.745455
23.10672
18.286863
15.727929
17.230688
20.957174
18.05637
17.182766
17.15268
21.698671
18.023716
17.460596
14.378334
18.397245
19.793446
17.319836
17.25455
18.22848
17.23666
18.217823
16.000587
14.151403
36.112057
16.852184
19.21417
16.845943
14.269811
16.53445
22.922562
21.172316
19.784546
15.966105
14.96376
14.083011
15.2535715
13.06425
13.00615
13.093155
17.361128
13.24571
11.089784
14.168418
17.164726
16.994528
14.452679
14.901496
14.711978
15.185801
14.50189
13.768396
15.635108
15.033278
15.461094
13.856938
11.9099245
11.931942
13.865743
14.39491
13.423457
18.9878
15.063998
15.742122
30.50867
29.4229
17.741087
18.978035
16.430271
32.08884
19.411587
25.225258
16.90196
18.402466
19.93461
25.015717
15.727929
18.7353
21.400757
24.23042
21.38596
17.122488
44.286015
44.283627
25.15597
16.802122
18.350111
17.15268
17.448954
14.735895
13.741656
15.57026
18.339602
16.69477
12.062888
11.445812
12.78973
13.236254
15.504925
14.751803
16.184458
16.278288
13.469634
12.444281
13.705875
10.992325
13.47884
14.767682
13.432713
13.102769
12.739782
12.223842
16.469484
15.002451
15.613545
15.861832
13.236254
17.200768
16.02121
26.602184
23.328602
18.22848
16.982243
14.775611
14.244574
13.741656
15.200907
14.807254
21.053879
17.200768
17.930525
18.0618
16.377708
13.488036
15.283523
15.163093
15.735028
12.84929
13.7950535
15.079318
21.09609
16.264946
15.056329
15.692346
15.742122
16.069143
15.025582
15.784561
15.417041
22.657995
15.903691
16.014341
17.51858
17.478031
13.561258
17.031282
12.454639
13.283434
15.613545
15.063998
12.908445
14.687995
17.695908
14.361726
13.31162
16.2382
17.18877
16.951452
19.604614
23.346346
22.71537
18.09431
16.150702
14.862352
16.69477
13.848125
15.417041
12.5779915
22.2588
15.048653
15.048653
15.283523
14.932684
13.723784
12.371421
14.72793
15.056329
12.350491
16.089603
14.452679
14.452679
14.091589
15.57749
15.26856
14.751803
19.462557
19.416233
19.041311
17.104324
15.283523
20.712597
23.236341
17.51858
16.586075
15.649452
17.80283
15.784561
14.743853
11.9099245
13.750579
14.452679
16.895754
15.424398
15.57749
13.883327
14.924897
17.242628
14.261407
20.365686
19.645426
21.543722
24.10138
24.560305
25.91574
40.889618
34.04861
23.539179
23.890287
22.198317
22.395012
19.494839
21.277922
20.235636
18.770395
17.501225
19.70853
17.74672
18.725246
17.757969
16.096415
15.017879
13.660941
16.675688
16.014341
15.1933565
18.588379
15.692346
14.986995
12.608558
20.206
27.509615
24.823456
21.01919
19.93461
16.007467
16.82719
15.627926
16.311556
16.137161
13.404917
13.6248255
16.726482
16.007467
17.847458
21.594477
21.274172
20.323948
29.510519
26.02277
20.894714
19.341595
18.428528
20.740559
16.770685
15.959193
16.795843
15.875808
14.469113
15.36536
14.948236
17.825172
14.703991
15.431749
14.168418
13.349059
14.4855175
13.786177
16.264946
13.597638
19.978258
12.485642
14.244574
14.083011
15.8548355
14.719958
14.567076
13.696907
13.207822
12.84929
13.4419565
14.743853
12.0412
12.329511
13.150678
12.116871
14.10016
13.953303
16.197926
14.469113
15.6637745
14.599485
14.711978
13.414192
12.537068
15.15551
15.048653
13.330359
15.656616
13.651926
17.593384
17.396364
15.132722
15.770438
15.010168
16.089603
15.387547
17.266457
14.986995
32.514477
18.958473
20.9766
22.34874
22.024628
20.349014
19.784546
14.419715
13.488036
24.214396
19.13777
13.395633
16.598934
14.320066
16.845943
16.244894
14.125819
27.23078
16.926743
26.569632
28.130804
18.376328
24.983967
16.443361
28.048668
26.100574
22.648396
15.526758
18.018261
19.190367
19.677034
17.541664
16.150702
15.261069
16.482517
15.649452
16.521496
15.497635
13.615772
18.59859
16.014341
27.276
16.5603
16.57964
14.862352
15.372762
14.558954
15.109875
15.223516
15.692346
14.47732
15.261069
16.476004
16.443361
15.453768
17.96353
21.172316
21.348858
18.634241
16.055475
13.669946
14.917104
12.996429
15.357952
14.311711
15.343117
14.655914
28.855864
16.57964
28.478018
17.6391
30.791557
23.140064
25.446117
15.439095
15.635108
17.51858
18.526848
17.57618
14.227708
17.74672
16.351307
22.285545
19.406939
17.134579
17.443125
17.260506
21.330246
18.521702
14.361726
15.33569
18.526848
15.185801
14.074423
18.121311
33.04396
16.20465
14.252994
14.419715
13.2551565
18.664682
13.81278
13.615772
21.98325
22.003963
27.024326
15.468414
16.157463
18.654547
19.275757
24.049767
19.448687
15.387547
13.358394
14.846645
14.460899
17.200768
15.461094
14.671969
15.010168
12.234467
11.865722
12.679462
13.732726
14.117274
12.537068
14.558954
14.227708
11.854635
14.469113
14.799354
12.495952
14.60757
12.287396
13.524724
14.444449
12.567779
13.669946
13.597638
13.561258
15.26856
13.944587
12.381866
11.97581
11.709214
14.294975
13.188816
12.84929
13.093155
14.219262
15.409677
13.31162
13.4419565
13.404917
13.732726
13.121964
12.062888
14.599485
15.649452
13.073896
0.0
16.713812
36.456432
26.895702
28.926083
31.786703
24.550022
29.326971
22.248749
21.680796
22.525875
30.920977
18.15897
23.82902
23.130983
20.307196
17.34935
14.647876
30.552599
27.28539
27.371315
18.360607
27.23078
17.690243
25.53383
21.80516
18.899519
15.063998
33.910507
21.576384
15.102245
18.81531
14.50189
17.080044
14.846645
34.33342
21.79457
15.889761
24.85828
24.608978
25.127138
13.714834
16.521496
16.521496
16.650179
15.461094
16.95762
19.531584
16.53445
16.637396
25.970512
28.11205
34.643852
18.557669
30.446276
25.641108
14.767682
15.238557
13.83047
21.822783
27.062931
33.4179
17.40808
37.429123
29.93029
17.176758
21.28167
15.812739
18.81531
29.832836
23.693829
25.711145
40.926
25.432186
20.252527
16.605356
15.39493
15.512209
17.012924
18.76539
17.218733
16.177717
13.669946
16.527975
12.84929
13.188816
15.39493
19.568176
15.417041
15.812739
16.64379
14.735895
13.803922
12.084521
12.516534
17.09826
12.567779
13.597638
13.083531
10.224294
14.236145
14.286595
14.142883
12.308479
14.542688
12.495952
13.188816
12.679462
14.193877
16.726482
13.06425
14.703991
15.439095
17.361128
17.055696
16.244894
13.414192
15.833813
14.518233
13.777291
15.0869665
13.339714
13.035249
14.39491
13.68793
11.233951
15.357952
15.910648
17.019049
15.805703
14.303348
14.735895
12.127627
11.865722
13.377033
12.588192
17.495432
16.489025
15.735028
16.732811
17.30208
17.092194
18.318544
20.886875
18.126701
14.21081
13.1792965
13.874539
15.993702
15.979915
15.868823
15.791614
15.512209
15.591929
14.403186
15.6637745
12.423525
15.343117
11.964864
12.918266
13.7950535
10.893761
14.311711
13.131545
14.185399
12.360962
12.859178
13.696907
14.815146
13.678943
13.423457
12.839393
13.803922
13.561258
12.202552
10.680522
14.807254
12.957436
15.140325
11.686625
13.330359
15.223516
15.548536
16.177717
15.656616
14.039989
16.650179
16.926743
18.438929
17.936035
15.727929
15.735028
15.063998
16.5603
17.627693
15.749209
13.996755
15.777502
16.41716
14.679986
16.858423
14.386625
12.628876
13.786177
13.414192
15.749209
15.685212
13.367718
14.679986
19.113754
18.132088
17.0496
16.515013
17.460596
14.775611
12.3923
15.742122
12.799685
13.988082
15.39493
14.039989
15.39493
17.886322
16.605356
16.410597
15.417041
15.57026
15.380157
16.963783
12.66937
14.838781
13.054594
14.236145
14.615645
14.510065
15.483037
13.777291
13.121964
13.570368
15.649452
13.358394
13.82163
13.386337
13.651926
15.993702
13.60671
13.935862
13.848125
12.402721
14.185399
14.328415
12.66937
13.150678
12.679462
13.330359
11.222028
12.159817
12.918266
13.358394
15.223516
14.663945
16.324827
14.986995
16.089603
12.9476595
16.27162
11.986742
14.134356
15.805703
14.623714
12.5779915
15.1933565
14.278208
17.80283
15.276044
15.966105
13.615772
15.805703
14.901496
15.2535715
14.005419
14.176912
10.881361
15.39493
14.599485
14.994726
13.131545
12.5779915
18.018261
14.142883
13.1792965
12.608558
13.83047
13.60671
11.595672
16.726482
14.057223
14.823032
13.386337
13.044927
13.035249
13.160229
10.304226
12.729757
13.339714
13.651926
12.918266
14.202348
14.909304
14.743853
13.093155
13.460418
13.848125
14.47732
12.976954
12.957436
13.953303
13.883327
15.763368
14.956001
16.02121
15.170669
10.893761
13.217309
16.889544
16.034933
15.313371
15.328258
17.581919
13.188816
15.656616
14.870195
14.550825
16.331453
13.9183855
15.350538
17.53013
15.39493
17.483837
16.184458
16.858423
14.956001
16.278288
14.823032
17.122488
13.705875
12.937872
15.23104
13.330359
17.331654
13.579468
14.419715
13.588558
14.286595
14.57519
14.227708
17.128536
14.994726
14.695996
13.768396
15.670925
15.826794
13.856938
15.938421
16.191195
19.695045
15.777502
28.072704
26.068241
22.305552
20.37401
28.899622
21.485355
29.387602
32.33896
24.619192
27.211868
28.33281
19.93461
16.502028
16.4499
16.502028
14.971513
16.137161
15.959193
13.750579
23.568027
21.247879
19.21417
28.26264
15.924546
29.021906
18.276278
17.242628
14.10016
16.573198
15.692346
23.834608
34.634193
31.60481
28.879333
21.945147
22.509626
25.552185
34.723946
17.104324
30.7589
25.253767
19.388317
15.699474
22.813303
27.936188
24.695406
17.319836
27.740673
19.462557
22.167917
15.320817
17.037392
20.344841
15.903691
28.595045
29.241968
27.595173
27.004961
17.958038
18.244442
17.025167
18.180416
0.0
15.819769
16.344694
16.157463
18.963367
16.191195
15.620739
40.256744
21.130474
14.460899
16.90196
16.014341
16.17097
16.041786
29.355122
21.50729
16.184458
14.8858595
15.931487
15.094609
15.742122
27.862726
23.428679
14.751803
15.372762
17.361128
15.699474
13.198324
14.72793
0.0
22.903929
18.344858
17.819592
19.540747
15.490339
14.862352
17.99641
14.117274
13.856938
16.103218
15.215986
14.427967
14.419715
13.953303
14.278208
15.819769
15.328258
14.294975
15.163093
14.647876
16.49553
15.826794
13.83047
16.920553
19.318138
15.246067
19.73991
17.930525
14.493708
22.345427
21.540087
17.308002
20.728586
21.766266
17.89186
18.531992
18.730276
18.007343
16.143932
15.670925
16.515013
15.328258
17.581919
17.460596
21.198837
17.707224
15.36536
13.02556
13.909634
14.767682
20.047642
15.056329
18.889654
20.546991
18.0889
18.593487
16.371115
19.180828
18.879778
18.407684
15.938421
15.833813
15.094609
15.071661
12.506248
14.048611
14.711978
14.311711
16.357914
12.84929
14.719958
16.598934
15.497635
14.751803
15.223516
16.54092
16.945282
16.318193
19.285192
20.01302
19.041311
15.380157
16.908163
20.030348
18.121311
16.096415
15.409677
17.019049
15.063998
12.567779
14.108721
12.859178
11.876793
15.223516
13.515567
13.588558
17.104324
21.172316
21.262913
21.561884
16.91436
15.742122
15.071661
15.056329
11.798992
15.178238
14.091589
18.244442
18.286863
18.428528
15.453768
14.345086
15.896729
18.608793
16.527975
19.204657
17.36701
18.18577
23.997845
22.302221
23.343391
19.766718
17.495432
20.656403
19.08485
21.74853
41.34067
44.243484
41.679363
39.29368
37.646507
20.448566
19.13777
16.028074
17.30208
16.739134
15.200907
16.244894
14.345086
14.065828
14.917104
18.700062
12.255677
12.986697
12.402721
14.193877
14.125819
13.320995
15.170669
14.460899
14.125819
11.410859
15.685212
11.549836
13.488036
13.460418
19.978258
18.850082
17.073963
17.83075
18.864943
18.09431
16.96994
16.669317
18.542273
20.847572
21.17611
21.878935
17.460596
18.81033
16.845943
19.545324
18.067226
20.999857
19.313438
18.164337
17.278347
18.126701
17.85302
19.859901
15.6637745
0.0
20.50202
19.12337
19.341595
16.150702
15.931487
18.207151
17.242628
16.776981
17.507013
19.285192
16.994528
13.5064
15.246067
15.735028
12.819561
18.115917
20.008682
17.757969
16.75808
15.910648
16.920553
16.889544
14.436213
15.819769
18.13747
20.90646
17.791636
20.189018
18.381561
22.775524
23.973143
22.434479
23.4023
24.63194
21.374846
19.128172
18.608793
17.83075
16.007467
16.377708
9.425835
14.074423
13.597638
13.953303
13.24571
14.743853
14.022721
11.457432
15.453768
16.197926
13.131545
12.66937
11.492199
17.337557
18.444126
15.910648
19.156933
17.495432
16.553846
18.963367
17.757969
15.735028
18.943771
19.699543
18.835196
17.89186
15.882787
15.147921
13.642901
15.791614
18.148228
17.599112
16.443361
16.605356
14.591394
14.427967
11.964864
13.2551565
13.414192
15.461094
15.475729
16.852184
20.172003
18.850082
17.390501
18.603693
19.128172
16.95762
17.34935
22.486824
22.110203
22.522629
16.364517
16.808395
14.862352
14.185399
10.881361
12.859178
13.330359
11.92094
14.03136
13.570368
14.048611
13.856938
14.783533
17.419777
19.05585
17.6391
16.40403
21.172316
19.77118
19.247387
18.674807
19.50404
18.339602
15.424398
15.613545
11.942929
13.5064
14.994726
13.696907
16.64379
14.60757
15.290995
16.739134
18.608793
18.679863
20.53475
19.540747
17.627693
18.13747
15.125113
17.969019
15.033278
16.21137
17.073963
15.010168
13.996755
15.170669
15.305919
14.261407
12.464986
16.770685
16.54092
16.21137
17.296152
16.4499
25.634298
27.242107
21.826303
20.510214
23.307856
21.073092
20.90646
18.919214
17.741087
17.80842
17.34935
16.795843
17.24859
14.956001
11.28148
12.276836
15.763368
16.502028
15.742122
17.593384
16.489025
15.742122
13.31162
13.848125
13.696907
14.994726
14.244574
12.628876
12.928074
13.839302
12.526808
15.102245
15.584712
16.40403
17.695908
17.99641
15.125113
16.304913
17.242628
16.469484
15.555783
15.0869665
14.838781
12.59838
13.404917
11.445812
14.96376
15.924546
15.056329
17.695908
18.344858
15.328258
15.798661
14.994726
21.145712
19.471792
22.84779
22.99054
24.21172
27.251534
27.28539
21.444998
17.000666
20.12932
21.616137
18.715181
19.06069
18.740322
17.701569
18.381561
16.278288
16.43682
11.731746
16.482517
17.66755
12.759795
13.953303
13.552139
11.210089
11.843535
12.308479
13.274018
11.480625
11.854635
13.935862
14.711978
12.106101
13.996755
12.106101
15.025582
14.870195
12.749795
13.160229
14.96376
12.234467
13.188816
14.227708
13.131545
14.469113
15.966105
14.336755
14.014074
13.68793
16.69477
33.174534
17.644796
32.71671
36.39088
44.285217
40.830223
35.317097
38.262497
28.306147
36.55772
22.702652
17.260506
44.281506
16.707468
30.863972
22.15776
17.34935
20.265173
16.482517
11.352288
13.642901
12.689546
13.00615
13.47884
14.60757
14.639829
12.986697
10.831585
10.693212
11.150144
13.073896
14.427967
13.678943
13.848125
13.377033
13.150678
14.311711
18.684917
21.300385
20.652374
18.13747
18.805347
13.759493
14.185399
12.986697
14.219262
13.723784
17.6391
21.034624
19.223675
23.033525
24.12302
24.4335
23.14309
21.099918
24.998636
19.275757
20.902546
20.50202
25.364536
28.52046
28.412315
27.717485
26.624496
27.878521
27.91177
44.284157
36.768795
27.413961
26.54309
26.319407
25.880503
29.661757
29.538082
28.827618
28.302807
25.160767
26.336174
28.074417
26.331985
22.052103
23.78138
22.651596
20.44444
22.308882
19.388317
16.2315
16.137161
16.707468
22.305552
23.251287
17.930525
15.132722
16.21137
22.31221
22.378515
24.05249
23.469553
21.274172
24.738298
21.141905
22.743916
19.341595
21.304123
20.640282
19.190367
20.636246
18.007343
16.264946
16.318193
18.045498
15.805703
14.862352
14.60757
15.402306
16.014341
14.452679
11.641267
12.679462
15.678071
14.647876
16.527975
20.62817
17.547426
16.21137
14.320066
14.227708
18.557669
13.533873
16.820929
15.555783
19.82009
21.61253
22.819584
18.710146
17.419777
18.001879
21.183693
20.506117
21.02305
25.115095
23.937334
22.689917
23.446218
19.82009
20.427921
27.302269
25.59562
19.930233
24.934895
23.820631
23.269192
17.57618
20.46505
21.892916
20.298807
19.304033
15.29846
14.924897
17.786034
20.184767
23.736303
21.695099
19.03646
18.43373
17.74672
18.654547
17.06788
16.02121
17.092194
14.278208
13.497223
11.584236
11.731746
18.334341
21.015326
17.51858
16.573198
17.20676
19.12337
20.137875
18.730276
18.674807
18.30272
16.17097
29.968967
31.988928
25.203814
19.439426
16.041786
18.212488
13.996755
14.550825
14.469113
11.887851
11.584236
12.976954
14.775611
13.597638
14.583296
12.062888
12.350491
11.572784
12.618723
14.924897
17.20676
14.783533
13.82163
12.9672
20.41551
24.19834
24.275667
24.29423
15.163093
14.294975
18.96826
20.922096
18.953575
17.42562
30.6729
44.257862
39.2018
37.27419
37.176758
24.865723
20.239862
22.972054
22.762896
22.21516
20.125042
19.190367
18.418112
19.031607
19.24265
15.040969
20.125042
20.91819
19.559042
19.35096
16.82719
13.874539
15.1174965
18.023716
18.705105
16.357914
16.041786
17.000666
20.953283
20.047642
19.952095
22.457418
19.908316
18.30272
15.387547
13.121964
14.151403
14.460899
13.5064
20.823904
15.952274
17.886322
17.908451
17.140615
19.485628
17.886322
18.15897
17.24859
16.82719
15.290995
14.711978
16.184458
17.037392
24.77597
21.752079
22.038378
20.8318
20.652374
19.176054
15.343117
16.739134
18.001879
11.9099245
18.344858
19.444057
17.507013
21.259157
20.332312
20.227179
19.717508
17.176758
0.0
17.701569
21.046183
20.46505
44.149456
44.257065
38.24072
26.881948
21.232819
18.46488
16.908163
16.994528
18.583267
19.364988
18.825258
17.96353
17.372889
16.637396
15.185801
13.883327
13.856938
14.518233
13.1792965
14.252994
18.412899
16.082788
16.592506
15.215986
16.423717
16.521496
22.381817
26.304708
23.801027
21.85792
17.85302
18.943771
21.08843
18.710146
15.541284
17.242628
19.965187
19.859901
21.296644
21.393362
18.850082
20.716597
20.0
13.741656
17.88078
17.15268
13.597638
15.446434
13.803922
20.448566
14.518233
12.869054
14.979258
14.168418
13.31162
11.765434
15.20845
16.770685
15.140325
13.1792965
15.504925
12.66937
13.696907
11.798992
13.82163
12.628876
15.424398
18.19112
14.370034
11.876793
10.980065
12.659264
15.770438
15.756291
14.193877
14.4855175
19.08485
20.8318
20.756495
18.15897
20.8318
20.995985
18.929045
17.18877
19.952095
16.745455
17.701569
14.518233
14.909304
11.97581
13.524724
15.924546
13.00615
15.063998
13.292839
16.53445
21.404453
18.034615
19.947727
15.548536
20.01302
19.05585
23.484104
21.91036
21.236586
18.281572
21.783968
21.783968
21.172316
22.996695
0.0
20.656403
20.004341
21.11521
20.090727
17.897392
18.115917
16.089603
16.384296
17.104324
19.704037
15.409677
16.521496
15.453768
14.743853
14.091589
15.699474
16.764385
18.255066
20.740559
17.18877
15.357952
15.649452
20.12076
21.489014
19.285192
20.407225
21.408146
20.269384
17.019049
24.868202
26.450588
19.925854
21.752079
22.127218
21.875435
21.836855
21.547358
22.003963
22.093157
22.473766
23.53629
18.6444
21.861427
20.68053
21.39706
24.06338
24.235756
20.53475
23.018198
22.769213
19.378994
13.856938
16.443361
14.719958
13.944587
17.000666
16.469484
15.246067
20.988237
20.432055
20.571424
20.85938
22.1713
23.570906
22.816444
22.683542
26.524668
24.41262
21.069252
21.91036
22.003963
23.269192
22.885256
24.1095
20.708595
20.559217
19.06069
20.189018
21.885927
20.252527
21.587244
21.906874
22.3686
23.130983
22.010857
19.631842
20.855446
21.766266
22.021187
24.934895
23.934574
20.427921
23.741951
0.0
22.072655
23.130983
23.622574
21.59086
20.47739
21.95902
16.75808
23.873621
23.051882
18.449318
22.265493
22.174683
23.879179
21.576384
22.322187
21.698671
23.036587
20.80809
17.104324
19.815655
20.137875
20.620085
18.196466
19.209415
19.978258
18.859993
18.879778
20.394785
20.17626
18.012804
18.233803
18.914293
18.329079
18.164337
22.268839
24.685282
21.352575
22.90082
21.652117
21.17611
21.352575
20.17626
20.180515
19.766718
15.966105
20.712597
16.43682
19.271034
18.98292
19.23791
19.775637
23.798223
22.285545
18.725246
20.607946
19.95646
18.078072
21.92777
22.702652
20.744545
23.295977
20.764452
22.74075
24.753387
22.509626
23.364054
21.345139
21.337694
22.079493
26.656845
26.50826
24.634487
26.009735
28.065844
30.726118
32.317947
30.021185
25.853981
26.491821
25.469286
20.506117
19.08485
15.727929
15.931487
20.398933
21.702242
21.854412
21.11139
23.750414
23.475376
21.619741
0.0
21.099918
20.004341
19.156933
20.390635
18.730276
16.034933
15.29846
17.83075
17.990938
18.1536
18.45451
17.24859
14.526392
13.432713
16.482517
17.650492
15.8548355
18.180416
19.873133
18.59859
18.292152
15.380157
21.292902
16.592506
38.809334
26.618416
38.5433
37.892967
25.959585
19.88194
24.934895
25.722391
25.355164
22.31221
22.850918
19.952095
18.820284
20.034674
23.408169
19.104132
31.416695
19.645426
28.242489
20.493816
18.46488
16.089603
19.56361
16.390879
18.323812
18.212488
19.03646
20.999857
19.204657
19.704037
20.712597
21.160925
17.390501
17.15268
15.504925
13.669946
15.468414
16.54092
14.759747
18.780396
18.59859
18.099718
18.180416
16.976093
13.264593
16.384296
15.763368
17.6391
19.13777
16.150702
14.599485
16.4499
15.833813
12.859178
18.023716
14.022721
15.875808
13.759493
15.094609
14.193877
17.930525
18.760382
17.969019
17.814009
21.31906
22.218525
18.909372
14.956001
15.276044
15.26856
15.548536
13.865743
15.812739
18.35536
15.010168
15.497635
16.218086
16.364517
17.886322
16.553846
16.895754
15.613545
16.062311
12.495952
16.089603
14.244574
15.727929
14.57519
16.430271
14.294975
16.586075
16.224794
13.423457
17.36701
15.079318
15.620739
16.701122
14.378334
15.784561
17.875235
16.833445
15.439095
15.924546
20.700586
20.992113
21.107567
20.587675
17.319836
17.361128
18.639322
17.80283
14.799354
15.685212
13.015861
15.36536
16.726482
20.52249
44.27301
25.629759
18.674807
23.671091
22.188196
20.546991
20.563288
21.510939
20.563288
22.509626
21.470701
22.086327
20.567358
18.029165
19.166498
20.538834
17.66755
16.75808
20.5184
20.116476
17.116438
16.814665
15.889761
15.548536
17.570436
17.627693
16.751768
19.868725
21.382257
18.0889
19.204657
17.325747
18.110521
18.09431
15.468414
17.919495
18.997555
20.332312
19.943357
19.35096
18.270979
17.512798
17.36701
19.613699
17.902924
19.73991
19.03646
20.953283
17.140615
16.988388
16.191195
14.328415
17.182766
17.5359
19.261583
18.963367
20.55107
19.007298
20.095022
24.907785
26.402925
25.134356
25.554476
24.087828
21.28167
17.80842
19.271034
17.96353
14.411454
20.12932
20.227179
16.895754
17.791636
17.969019
16.324827
15.620739
16.110018
16.675688
19.171278
21.875435
18.830229
16.410597
19.508636
15.735028
14.83091
14.134356
16.951452
16.02121
14.185399
16.889544
15.720824
15.8548355
17.396364
18.750359
20.125042
16.939106
15.613545
16.502028
18.233803
13.82163
14.193877
13.198324
13.678943
13.633867
17.128536
17.110384
21.06157
22.600239
21.32279
20.652374
24.603867
24.713093
27.035927
24.217068
22.010857
24.187618
26.473291
26.465042
23.789806
20.546991
21.225279
23.085436
23.033525
23.194351
20.68053
19.604614
21.605312
19.383657
16.770685
17.712877
21.499985
22.794434
22.769213
20.197512
16.2315
18.573036
17.952541
21.28167
21.815739
17.621984
18.018261
17.661867
16.662943
15.424398
16.055475
13.909634
13.451193
15.678071
13.988082
15.350538
17.472223
15.713714
14.862352
23.775759
21.28167
18.1536
18.74534
18.624071
15.238557
18.74534
16.397457
14.823032
15.938421
14.591394
14.815146
14.022721
15.453768
15.678071
16.732811
16.732811
19.554472
17.919495
18.674807
16.103218
19.318138
17.170744
16.521496
17.230688
17.158705
16.21137
14.469113
14.091589
16.034933
18.099718
18.37109
20.172003
16.43682
18.17506
15.056329
16.53445
17.627693
37.717396
38.185772
30.756382
25.769457
21.57276
24.214396
21.91036
17.134579
17.985464
16.908163
13.892103
18.845123
19.299328
20.567358
18.212488
17.104324
18.588379
15.109875
19.402287
16.377708
19.545324
15.812739
15.910648
17.483837
21.962486
21.057724
20.112188
20.890795
21.011461
20.073519
18.805347
16.110018
15.387547
16.338078
15.223516
15.620739
15.056329
15.178238
16.251583
15.372762
14.878031
16.57964
15.261069
15.938421
13.377033
13.705875
15.163093
15.749209
14.940464
14.444449
16.482517
15.071661
14.599485
18.537134
16.089603
16.650179
16.357914
17.472223
14.278208
17.741087
16.007467
16.069143
15.670925
16.49553
15.903691
16.143932
17.043497
17.616272
18.329079
15.475729
16.218086
13.283434
15.924546
14.427967
17.337557
15.200907
16.443361
16.951452
14.427967
14.815146
15.15551
16.870884
15.185801
15.770438
15.57749
16.304913
15.102245
15.606346
13.696907
14.743853
18.270979
16.675688
15.57749
14.986995
16.364517
16.338078
0.0
17.774818
15.132722
14.940464
15.475729
14.452679
17.09826
15.819769
13.848125
12.3923
15.328258
13.432713
16.082788
15.417041
15.613545
15.986812
14.125819
15.185801
15.290995
16.650179
16.331453
14.176912
16.932926
13.404917
16.02121
16.820929
16.014341
15.959193
14.567076
17.337557
15.36536
18.376328
18.233803
15.591929
13.839302
15.343117
14.735895
14.647876
25.473911
21.766266
17.88078
17.134579
15.372762
19.554472
15.305919
15.599141
14.320066
16.278288
19.204657
15.504925
16.90196
14.252994
13.035249
13.015861
16.371115
16.443361
14.236145
14.711978
18.542273
19.36966
18.344858
17.969019
15.931487
16.870884
16.53445
17.06788
15.040969
16.91436
14.091589
17.140615
15.504925
15.328258
20.248308
17.40808
19.275757
18.0618
17.116438
15.986812
15.079318
15.048653
13.803922
17.158705
16.624594
17.361128
16.650179
17.037392
16.611773
16.820929
18.715181
17.158705
16.482517
17.581919
17.627693
17.53013
15.313371
13.642901
14.47732
17.313921
18.81033
13.900873
18.850082
17.437294
15.57749
15.025582
14.631775
15.453768
15.861832
13.236254
16.318193
17.448954
16.089603
19.06069
19.147356
17.170744
19.24265
20.843632
17.587652
15.931487
19.256853
16.845943
24.974174
23.767319
19.104132
15.468414
16.150702
17.51858
15.8548355
14.345086
13.892103
14.10016
15.439095
14.168418
14.261407
14.091589
14.261407
15.283523
15.656616
13.02556
13.97071
14.436213
15.040969
13.953303
18.1697
19.586414
19.190367
16.096415
16.197926
17.67323
14.815146
11.9099245
14.074423
14.03136
13.460418
15.23104
14.176912
14.986995
14.807254
18.334341
18.639322
22.278868
17.974504
15.475729
18.649475
17.774818
15.453768
17.272404
15.417041
18.249756
15.847834
18.929045
17.025167
19.721992
11.810149
14.971513
13.953303
12.829482
12.908445
16.476004
14.767682
12.019458
14.558954
14.948236
13.935862
13.320995
15.798661
16.143932
14.185399
13.330359
16.357914
12.516534
14.994726
18.1697
15.468414
18.573036
17.176758
13.469634
18.023716
15.290995
16.344694
18.099718
17.570436
15.33569
17.902924
14.583296
17.361128
19.762257
16.605356
19.636372
15.548536
16.224794
16.2382
15.328258
15.903691
15.313371
14.932684
15.0869665
15.519486
15.749209
17.99641
15.350538
16.650179
17.627693
16.055475
16.547384
14.419715
14.791447
16.357914
15.504925
15.805703
14.542688
17.200768
12.308479
14.269811
13.696907
12.170521
13.292839
11.549836
13.660941
14.202348
13.651926
13.60671
13.874539
13.953303
15.36536
14.269811
14.108721
17.08612
15.945351
15.200907
17.66755
16.40403
18.506243
14.96376
15.417041
16.40403
21.02305
17.40808
19.98261
22.325512
19.668015
18.313272
17.678904
18.973148
19.374329
16.688414
15.380157
17.06788
17.454777
15.102245
16.515013
21.74853
22.574446
18.845123
16.278288
16.883327
13.488036
20.060589
16.688414
12.181211
13.47884
17.512798
17.35524
17.14665
15.29846
19.527
21.389662
21.659296
19.195133
18.386793
21.065413
22.657995
20.1079
19.631842
17.650492
19.392977
21.882431
17.402224
16.116812
18.820284
16.808395
17.08612
16.244894
17.797235
23.484104
22.444317
21.543722
21.034624
21.868433
18.350111
21.065413
17.0496
16.338078
18.835196
18.909372
21.941673
21.107567
19.73991
22.816444
19.21417
19.318138
21.854412
21.906874
25.05706
20.656403
25.751556
24.299524
22.15776
22.076075
18.725246
0.0
18.909372
19.508636
19.735434
18.007343
14.386625
13.054594
17.308002
17.30208
17.547426
14.775611
13.2551565
18.007343
13.935862
14.452679
21.09226
22.788136
19.065527
15.917601
17.182766
18.350111
20.239862
19.595518
18.0618
17.134579
18.485586
17.610556
20.52249
22.784985
17.690243
16.462961
17.56469
16.808395
18.490753
27.367598
25.480846
44.28495
34.936573
29.75549
32.125477
36.674416
41.440216
34.432915
43.889454
36.854057
27.660141
18.040058
28.961754
33.507317
26.211742
22.737581
19.156933
0.0
20.021687
17.055696
17.786034
36.003338
13.4419565
20.672495
23.018198
16.456432
15.132722
15.805703
12.127627
15.656616
14.862352
13.386337
17.483837
22.629166
24.16345
24.1903
23.484104
20.847572
20.244085
13.696907
15.475729
15.431749
15.453768
14.72793
17.507013
21.371138
19.108944
18.30272
16.852184
16.082788
12.779763
13.909634
15.290995
11.572784
13.150678
15.305919
13.935862
12.639016
11.821292
11.016792
13.935862
13.226787
11.997662
0.0
